0.295652
0.295013
0.302855
0.322275
0.341351
0.296154
0.233855
0.225120
0.333621
0.365762
0.355259
0.362837
0.360295
0.352290
0.340370
0.345620
0.342004
0.345014
0.347695
0.350661
0.358767
0.366041
0.381861
0.382214
0.393878
0.395019
0.369389
0.373066
0.416245
0.398167
0.370902
0.385046
0.396866
0.380596
0.375045
0.369271
0.373711
0.380293
0.382303
0.376508
0.377956
0.370125
0.373577
0.379074
0.385914
0.386957
0.382983
0.370768
0.378576
0.387734
0.370846
0.352103
0.371975
0.379440
0.386365
0.397295
0.412262
0.426146
0.439271
0.507297
0.500951
0.476774
0.411075
0.421285
0.430342
0.406634
0.392193
0.389957
0.390433
0.395441
0.392393
0.390544
0.394806
0.397006
0.391155
0.395551
0.402545
0.397777
0.407744
0.406239
0.421765
0.449247
0.435717
0.406640
0.389661
0.376860
0.390055
0.378249
0.370860
0.375228
0.373594
0.388920
0.403820
0.400696
0.401566
0.435228
0.421150
0.405011
0.418429
0.405525
0.393131
0.394293
0.393356
0.385020
0.385342
0.385647
0.397871
0.410203
0.403394
0.412318
0.421062
0.416217
0.419510
0.421035
0.385520
0.394754
0.399786
0.375960
0.369576
0.378521
0.376248
0.365977
0.364016
0.360764
0.360154
0.361024
0.362716
0.354855
0.353427
0.354659
0.347826
0.338801
0.346002
0.360928
0.347278
0.342454
0.319577
0.282659
0.285961
0.334440
0.303957
0.321326
0.300216
0.299480
0.302795
0.323455
0.336749
0.330096
0.332141
0.337539
0.332393
0.329468
0.321494
0.307066
0.301988
0.292627
